








































































































































































































































































































































































































































170
   170
      170
         171
            170
               170
                  170
                     170
                        170
                           170
                              170
                                 170
                                    170
                                       170
                                          170
                                             169
                                                170
                                                   170
                                                      169
                                                         170
                                                            169
                                                               170
                                                                  170
                                                                     170
                                                                        170
                                                                           170
                                                                              17
0
 170
    170
       170
          170
             170
                170
                   170
                      170
                         171
                            171
                               170
                                  170
                                     170
                                        170
                                           170
                                              170
                                                 170
                                                    170
                                                       170
                                                          170
                                                             170
                                                                170
                                                                   170
                                                                      170
                                                                         170
                                                                            170
                                                                               1
70
  170
     170
        170
           170
              170
                 170
                    170
                       170
                          170
                             170
                                170
                                   170
                                      170
                                         170
                                            170
                                               171
                                                  171
                                                     170
                                                        170
                                                           169
                                                              170
                                                                 170
                                                                    170
                                                                       170
                                                                          Rime s
tarted with address 0.18.116.0.19.226.127.155
                                             MAC 00:12:74:00:13:e2:7f:9b Contiki
 3.0 started. Node id is set to 19.
                                   nullsec nullmac nullrdc, channel check rate 1
28 Hz, radio channel 26, CCA threshold -45
                                          Tentative link-local IPv6 address fe80
:0000:0000:0000:0212:7400:13e2:7f9b
                                   Starting 'RSSI Scanner'
                                                          167
                                                             170
                                                                170
                                                                   170
                                                                      170
                                                                         169
                                                                            170
                                                                               1
70
  170
     170
        170
           170
              170
                 170
                    171
                       171
                          170
                             170
                                170
                                   170
                                      170
                                         170
                                            170
                                               170
                                                  170
                                                     170
                                                        170
                                                           170
                                                              170
                                                                 170
                                                                    169
                                                                       170
                                                                          170
                                                                             170

170
   170
      170
         170
            170
               170
                  170
                     170
                        170
                           170
                              170
                                 170
                                    170
                                       171
                                          170
                                             170
                                                170
                                                   170
                                                      169
                                                         170
                                                            170
                                                               170
                                                                  170
                                                                     170
                                                                        170
                                                                           169
                                                                              17
0
 170
    170
       170
          170
             170
                170
                   170
                      170
                         170
                            169
                               170
                                  170
                                     170
                                        170
                                           170
                                              170
                                                 170
                                                    171
                                                       171
                                                          171
                                                             170
                                                                170
                                                                   170
                                                                      170
                                                                         170
                                                                            170
                                                                               1
70
  170
     170
        170
           170
              170
                 170
                    170
                       170
                          170
                             170
                                170
                                   170
                                      170
                                         170
                                            170
                                               170
                                                  170
                                                     170
                                                        170
                                                           170
                                                              170
                                                                 170
                                                                    170
                                                                       170
                                                                          170
                                                                             171

170
   170
      170
         170
            170
               170
                  170
                     170
                        Rime started with address 0.18.116.0.19.226.127.155
                                                                           MAC 0
0:12:74:00:13:e2:7f:9b Contiki 3.0 started. Node id is set to 19.
                                                                 nullsec nullmac
 nullrdc, channel check rate 128 Hz, radio channel 26, CCA threshold -45
                                                                        Tentativ
e link-local IPv6 address fe80:0000:0000:0000:0212:7400:13e2:7f9b
                                                                 Starting 'RSSI
Scanner'
        167
           170
              170
                 170
                    170
                       170
                          170
                             170
                                170
                                   170
                                      170
                                         170
                                            170
                                               171
                                                  171
                                                     170
                                                        170
                                                           170
                                                              170
                                                                 170
                                                                    170
                                                                       170
                                                                          170
                                                                             170

170
   170
      170
         170
            170
               170
                  170
                     170
                        170
                           170
                              170
                                 170
                                    170
                                       170
                                          170
                                             170
                                                170
                                                   170
                                                      170
                                                         170
                                                            170
                                                               170
                                                                  171
                                                                     171
                                                                        170
                                                                           170
                                                                              17
0
 170
    170
       170
          170
             170
                170
                   170
                      170
                         169
                            170
                               170
                                  170
                                     170
                                        170
                                           170
                                              170
                                                 170
                                                    170
                                                       170
                                                          169
                                                             170
                                                                170
                                                                   170
                                                                      170
                                                                         170
                                                                            170
                                                                               1
70
  171
     171
        170
           170
              170
                 170
                    170
                       170
                          170
                             170
                                170
                                   170
                                      170
                                         170
                                            170
                                               170
                                                  170
                                                     170
                                                        170
                                                           170
                                                              170
                                                                 170
                                                                    170
                                                                       170
                                                                          170
                                                                             170

170
   170
      170
         170
            170
               170
                  170
                     170
                        170
                           171
                              170
                                 170
                                    170
                                       170
                                          170
                                             170
                                                170
                                                   170
                                                      Rime started with address
0.18.116.0.19.226.127.155
                         MAC 00:12:74:00:13:e2:7f:9b Contiki 3.0 started. Node i
d is set to 19.
               nullsec nullmac nullrdc, channel check rate 128 Hz, radio channel
 26, CCA threshold -45
                      Tentative link-local IPv6 address fe80:0000:0000:0000:0212
:7400:13e2:7f9b
               Starting 'RSSI Scanner'
                                      167
                                         170
                                            170
                                               170
                                                  170
                                                     170
                                                        170
                                                           170
                                                              170
                                                                 170
                                                                    170
                                                                       170
                                                                          170
                                                                             171

171
   171
      170
         170
            170
               170
                  170
                     170
                        170
                           170
                              170
                                 170
                                    170
                                       170
                                          170
                                             170
                                                170
                                                   170
                                                      170
                                                         170
                                                            170
                                                               170
                                                                  170
                                                                     170
                                                                        170
                                                                           170
                                                                              17
0
 170
    170
       170
          170
             170
                170
                   171
                      170
                         170
                            170
                               170
                                  170
                                     170
                                        170
                                           170
                                              170
                                                 170
                                                    170
                                                       169
                                                          170
                                                             170
                                                                170
                                                                   170
                                                                      170
                                                                         170
                                                                            170
                                                                               1
70
  170
     170
        170
           170
              170
                 170
                    170
                       170
                          170
                             170
                                171
                                   171
                                      170
                                         170
                                            170
                                               170
                                                  170
                                                     170
                                                        170
                                                           170
                                                              170
                                                                 170
                                                                    170
                                                                       170
                                                                          170
                                                                             170

170
   170
      170
         170
            170
               170
                  170
                     170
                        170
                           170
                              170
                                 170
                                    170
                                       170
                                          170
                                             170
                                                170
                                                   170
                                                      170
                                                         171
                                                            171
                                                               170
                                                                  170
                                                                     170
                                                                        170
                                                                           170
                                                                              17
0
 170
    Rime started with address 0.18.116.0.19.226.127.155
                                                       MAC 00:12:74:00:13:e2:7f:
9b Contiki 3.0 started. Node id is set to 19.
                                             nullsec nullmac nullrdc, channel ch
eck rate 128 Hz, radio channel 26, CCA threshold -45
                                                    Tentative link-local IPv6 ad
dress fe80:0000:0000:0000:0212:7400:13e2:7f9b
                                             Starting 'RSSI Scanner'
                                                                    167
                                                                       170
                                                                          170
                                                                             170

170
   170
      170
         170
            170
               170
                  170
                     170
                        170
                           171
                              171
                                 171
                                    170
                                       170
                                          170
                                             170
                                                170
                                                   170
                                                      170
                                                         170
                                                            170
                                                               170
                                                                  170
                                                                     170
                                                                        170
                                                                           170
                                                                              17
0
 170
    170
       170
          170
             170
                170
                   170
                      170
                         170
                            170
                               170
                                  170
                                     170
                                        170
                                           170
                                              170
                                                 171
                                                    170
                                                       170
                                                          170
                                                             170
                                                                170
                                                                   170
                                                                      170
                                                                         170
                                                                            170
                                                                               1
70
  170
     169
        170
           170
              170
                 170
                    170
                       170
                          170
                             170
                                170
                                   170
                                      169
                                         170
                                            170
                                               170
                                                  170
                                                     170
                                                        170
                                                           170
                                                              171
                                                                 171
                                                                    171
                                                                       170
                                                                          170
                                                                             170

170
   170
      170
         170
            170
               170
                  170
                     170
                        170
                           170
                              170
                                 170
                                    170
                                       170
                                          170
                                             170
                                                170
                                                   170
                                                      170
                                                         170
                                                            170
                                                               170
                                                                  170
                                                                     170
                                                                        170
                                                                           170
                                                                              17
0
 170
    170
       171
          171
             170
                170
                   170
                      170
                         170
                            170
                               170

