                                                                             000000000000000000000011111111111100000000000000000000000011111111111000000000000000000000000000001
11111111111000000000000000000000111111111111000000000000000000000001111111111100000000000000000000000111111111111000000000000000000000000011111111111100000000000000000000000000
00001111111111110000000000000000000001111111111110000000000000000000000001111111111100000000000000000000000000011111111110000000000000000000000001111111111100000000000000000000
00000000000111111111110000000000000000000000000000000011111111111100000000000000000000000011111111111100000000000000000000001111111111110000000000000000000000000000000111111111
11100000000000000000000000111111111110000000000000000000000011111111111100000000000000000000000000000000111111111111000000000000000000000001111111111110000000000000000000000001
11111111110000000000000000000000000000000000000000000000000000000000001111111111100000000000000000000000000000000000000000000001111111111110000000000000000000000000000001111111
11110000000000000000000000000000000001111111111110000000000000000000000000000000000000000000000000000000000000000000001111111111000000000000000000000000111111111110000000000000
00000000001111111111110000000000000000000001111111111100000000000000000000000000111111111111000000000000000000000000000000001111111111000000000000000000000000000000000000000000
00000000000000000000000000000000000001111111111100000000000000000000000111111111110000000000000000000000000000000000111111111100000000000000000000000000111111111111000000000000
00000000000000000000111111111110000000000000000000000000000000001111111111110000000000000000000000111111111111000000000000000000000001111111111110000000000000000000000011111111
11100000000000000
                 000000000000000111111111111000000000000000000000001111111111110000000000000000000000111111111110000000000000000000000001111111111100000000000000000000000000000
00011111111111000000000000000000000000111111111111000000000000000000000001111111111110000000000000000000000000000000000000000111111111110000000000000000000000000000111111111110
00000000000000000000011111111111100000000000000000000001111111111110000000000000000000000111111111110000000000000000000000000000000000000000000000000000000000000000000001111111
11110000000000000000000000000000000000111111111110000000000000000000000000111111111110000000000000000000000000000000011111111111100000000000000000000000111111111111000000000000
00000000000111111111110000000000000000000000111111111111000000000000000000000001111111111110000000000000000000000000000000011111111111100000000000000000000000011111111111100000
00000000000000000000000000011111111111100000000000000000000001111111111110000000000000000000000011111111111000000000000000000000111111111111000000000000000000000000111111111111
00000000000000000000000111111111111000000000000000000000000000000000111111111110000000000000000000000001111111111000000000000000000000011111111111100000000000000000000001111111
11111000000000000000000000011111111111100000000000000000000000111111111110000000000000000000000011111111111000000000000000000000000000000000000000000000000000000000000000011111
11111110000000000000000000000111111111110000000000000000000000011111111111000000000000000000000001111111111100000000000000000000000111111111110000000000000000000000001111111111
1000000000000000000000011111111111000000000000000000000001111111111100000000000000000000000011111111111000000000000000000000011111111
                                                                                                                                     0000111111111111000000000000000000000011111
11111100000000000000000000001111111111100000000000000000000000111111111110000000000000000000000011111111111000000000000000000000001111111111110000000000000000000000011111111111
00000000000000000000000000000000011111111111100000000000000000000001111111111110000000000000000000000111111111110000000000000000000000000000000000000000000000000000000000000000
00000000000000000000000000000000000000011111111111100000000000000000000001111111111110000000000000000000000111111111111000000000000000000000001111111111110000000000000000000000
11111111111100000000000000000000000111111111110000000000000000000000011111111111100000000000000000000000000000000111111111111000000000000000000000001111111111110000000000000000
00000011111111111000000000000000000000000011111111111000000000000000000000000000000001111111111100000000000000000000000111111111111000000000000000000000011111111111100000000000
00000000000111111111110000000000000000000000011111111111100000000000000000000000000000000000000000000000011111111111000000000000000000000000000000011111111111100000000000000000
00000111111111111000000000000000000000001111111111100000000000000000000000011111111111100000000000000000000011111111111000000000000000000000011111111111100000000000000000000000
11111111111000000000000000000000001111111111110000000000000000000000011111111111100000000000000000000000000011111111111000000000000000000000000000001111111111100000000000000000
00000001111111111000000000000000000000001111111111110000000000000000000000011111111111000000000000000000000011111111111100000000000000000000001111111111110000000000000000000000
0011111111110000000000000000000000001111111111100000000000000000000000111
                                                                         0000000000000000000111111111110000000000000000000000000000000000111111111110000000000000000000000111111
11111100000000000000000000000001111111111110000000000000000000000000111111111110000000000000000000000000000111111111111000000000000000000000000000000000000000000000000000000000
00000000000000000000000000000000000000000000000000000000011111111111000000000000000000000001111111111110000000000000000000000111111111111000000000000000000000001111111111000000
00000000000000000011111111111000000000000000000000000000000000111111111111000000000000000000000001111111111110000000000000000000000000000000011111111111100000000000000000000000
00001111111111110000000000000000000000000000001111111111100000000000000000000000001111111111110000000000000000000000000000001111111111110000000000000000000000111111111110000000
00000000000000000111111111111000000000000000000000000000000000111111111111000000000000000000000011111111111000000000000000000000001111111111110000000000000000000000011111111111
00000000000000000000000000000000011111111111100000000000000000000000011111111111000000000000000000000001111111111100000000000000000000000111111111110000000000000000000000011111
11111100000000000000000000000111111111111000000000000000000000011111111111000000000000000000000001111111111100000000000000000000000111111111111000000000000000000000011111111111
00000000000000000000000111111111110000000000000000000000001111111111100000000000000000000001111111111110000000000000000000000111111111111000000000000000000000011111111111100000
00000000000000000111111111111000000000000000000000011111111111100000000000000000000000111111111110000000000000000000000001111111111100000000000000000000000000000011111111111000
0000000000000
             1111111110000000000000000000000000111111111110000000000000000000000111111111111000000000000000000000000000000001111111111110000000000000000000000111111111111000000
00000000000000000000000000111111111111000000000000000000000000111111111110000000000000000000000111111111111000000000000000000000001111111111110000000000000000000001111111111110
00000000000000000000001111111111100000000000000000000000111111111110000000000000000000000011111111111100000000000000000000000000000000000000000000000000000000000000000001111111
11111000000000000000000000000000000011111111111000000000000000000000000001111111111110000000000000000000000000111111111111000000000000000000000000000000111111111110000000000000
00000000000111111111110000000000000000000000011111111111100000000000000000000001111111111110000000000000000000000111111111111000000000000000000000001111111111100000000000000000
00000111111111111000000000000000000000001111111111110000000000000000000001111111111110000000000000000000000011111111111000000000000000000000000111111111100000000000000000000000
00111111111111000000000000000000000000000000011111111111100000000000000000000001111111111110000000000000000000000111111111111000000000000000000000001111111111100000000000000000
00001111111111110000000000000000000000011111111111100000000000000000000001111111111100000000000000000000000011111111111000000000000000000000001111111111110000000000000000000000
00000000001111111111110000000000000000000000001111111111100000000000000000000001111111111100000000000000000000000111111111111000000000000000000000011111111111000000000000000000
000001111111111100000000000000000000000111111111110000000000000000000000011111111111100000000000000000000000111111111110000000000
                                                                                                                                 11100000000000000000000000000000001111111111100
00000000000000000000011111111111100000000000000000000000000001111111111110000000000000000000000000001111111111110000000000000000000000000111111111111000000000000000000000000000
00000000000000000000000000000000000000000000000000000000000000000000000000000000000000000000000000000000000000011111111111100000000000000000000000000000011111111111100000000000
00000000000000000000000000000000000000000000000000000111111111111000000000000000000000000111111111110000000000000000000000011111111111100000000000000000000001111111111110000000
00000000000000000000000000011111111111100000000000000000000000000000000011111111111000000000000000000000001111111111110000000000000000000001111111111110000000000000000000000000
01111111111110000000000000000000000000000000011111111110000000000000000000000000000000000111111111110000000000000000000000000011111111111000000000000000000000000000000001111111
11110000000000000000000000001111111111100000000000000000000001111111111100000000000000000000000111111111110000000000000000000000011111111111100000000000000000000001111111111110
00000000000000000000001111111111100000000000000000000001111111111100000000000000000000001111111111110000000000000000000000111111111111000000000000000000000011111111111000000000
00000000000000111111111111000000000000000000000001111111111100000000000000000000000111111111110000000000000000000000111111111111000000000000000000000011111111111000000000000000
00000000111111111111000000000000000000000001111111111100000000000000000000001111111111100000000000000000000000011111111111000000000000000000000001111111111100000000000000000000
001111111111110000000000000000000000011111111111000000000000000000000
                                                                     00011111111111000000000000000000000000111111111110000000000000000000000111111111111000000000000000000000001
11111111110000000000000000000000111111111111000000000000000000000001111111111110000000000000000000000000000000001111111111100000000000000000000000000000000000011111111111000000
00000000000000000000000000011111111111000000000000000000000000000000000001111111111100000000000000000000000000000000011111111111100000000000000000000000000011111111111100000000
00000000000000000000001111111111100000000000000000000000000111111111111000000000000000000000000000000111111111110000000000000000000000111111111111000000000000000000000001111111
11111000000000000000000000000111111111111000000000000000000000000000000001111111111100000000000000000000000111111111110000000000000000000000000000000000000000000000000000000000
00000000000000000000000111111111100000000000000000000000000000000011111111111100000000000000000000000011111111111000000000000000000000001111111111110000000000000000000000000000
00000111111111111000000000000000000000000111111111110000000000000000000000000000000000111111111111000000000000000000000000000000000111111111110000000000000000000000000000000011
11111111110000000000000000000000000011111111111000000000000000000000000000000000001111111111100000000000000000000000000000000111111111111000000000000000000000011111111111100000
00000000000000000011111111111000000000000000000000011111111111100000000000000000000000000111111111111000000000000000000000000000000111111111110000000000000000000000001111111111
10000000000000000000000011111111111100000000000000000000001111111111110000000000000000000000000000000001111111111110000000000000000000000011111111111100000000000000000000000000
000000111
         00000001111111111110000000000000000000000011111111111100000000000000000000000000000000011111111111000000000000000000000000001111111111110000000000000000000000000000000
01111111111100000000000000000000000000011111111111100000000000000000000000000001111111111110000000000000000000000111111111110000000000000000000000011111111111100000000000000000
00000011111111110000000000000000000000011111111111000000000000000000000000011111111111100000000000000000000000000000011111111111100000000000000000000000111111111111000000000000
00000000000001111111111100000000000000000000000000000000111111111110000000000000000000000011111111111100000000000000000000001111111111110000000000000000000000111111111111000000
00000000000000000111111111110000000000000000000000011111111111000000000000000000000000000000111111111110000000000000000000000000001111111111100000000000000000000000111111111111
00000000000000000000001111111111110000000000000000000000111111111111000000000000000000000000111111111110000000000000000000000001111111111100000000000000000000000000000000111111
11111100000000000000000000000111111111110000000000000000000000000000000000111111111110000000000000000000000001111111111000000000000000000000001111111111100000000000000000000000
11111111111100000000000000000000000000000000011111111111100000000000000000000000000000000001111111111100000000000000000000000111111111110000000000000000000000001111111111100000
00000000000000000011111111111000000000000000000000011111111111100000000000000000000001111111111110000000000000000000000111111111111000000000000000000000001111111111100000000000
00000000000111111111111000000000000000000000011111111111000000000000000000000000111111111110000000000000000000000011111111111
                                                                                                                             000000000000000001111111111110000000000000000000000
00111111111100000000000000000000000000000000001111111111100000000000000000000000000111111111100000000000000000000000000000000011111111111000000000000000000000000000000000111111
11111000000000000000000000001111111111110000000000000000000000000000000001111111111100000000000000000000000011111111111100000000000000000000000011111111111000000000000000000000
00000000000111111111110000000000000000000000000000000000111111111111000000000000000000000001111111111000000000000000000000001111111111110000000000000000000000000000000000111111
11111100000000000000000000001111111111110000000000000000000000000000000000000011111111111100000000000000000000000000000000011111111111000000000000000000000000000000011111111111
10000000000000000000000000000000001111111111110000000000000000000000000000000001111111111110000000000000000000000000111111111110000000000000000000000000000000111111111111000000
00000000000000000111111111110000000000000000000000011111111111100000000000000000000000111111111111000000000000000000000111111111111000000000000000000000000111111111110000000000
00000000000001111111111000000000000000000000011111111111100000000000000000000000111111111111000000000000000000000111111111111000000000000000000000000000000000000000000000000000
00000000000000001111111111100000000000000000000000011111111111100000000000000000000001111111111100000000000000000000001111111111110000000000000000000000001111111111100000000000
00000000000000000000001111111111100000000000000000000000111111111111000000000000000000000001111111111110000000000000000000001111111111110000000000000000000000011111111111000000
00000000000000000111111111110000000000000000000000011111111111100
                                                                 000000000000000000000000000001111111111100000000000000000000000001111111111110000000000000000000000000000011111
11111110000000000000000000000001111111111110000000000000000000000111111111110000000000000000000000111111111111000000000000000000000001111111111100000000000000000000000000000000
01111111111110000000000000000000000011111111111000000000000000000000000000000000000000000000000000000000000000001111111111110000000000000000000000000000000011111111110000000000
00000000000001111111111110000000000000000000000011111111111000000000000000000000001111111111100000000000000000000000111111111110000000000000000000000000000000000000000001111111
11111000000000000000000000000000111111111110000000000000000000000011111111111100000000000000000000011111111111000000000000000000000000111111111110000000000000000000000000111111
11111100000000000000000000000000000001111111111110000000000000000000000011111111111000000000000000000000011111111111000000000000000000000000111111111110000000000000000000000111
11111111000000000000000000000000011111111111000000000000000000000000000000000111111111100000000000000000000000001111111111110000000000000000000000000000000011111111111000000000
00000000000000111111111110000000000000000000000011111111111100000000000000000000000111111111110000000000000000000000111111111111000000000000000000000000111111111110000000000000
00000000011111111111100000000000000000000000000000000011111111111000000000000000000000000000000000111111111111000000000000000000000000111111111110000000000000000000000011111111
11100000000000000000000000000000000011111111111100000000000000000000000111111111111000000000000000000000011111111111100000000000000000000000111111111111000000000000000000000011
11111
     111110000000000000000000000011111111111100000000000000000000000111111111110000000000000000000000000000000001111111111110000000000000000000000000000000111111111111000000000
00000000000000000000000011111111111100000000000000000000000001111111111100000000000000000000000000000000001111111111100000000000000000000000000000000001111111111100000000000000
00000000000000000000111111111110000000000000000000000000000000000111111111100000000000000000000000111111111111000000000000000000000001111111111100000000000000000000000111111111
11000000000000000000000000011111111111100000000000000000000000000000111111111110000000000000000000000000011111111111100000000000000000000000000000000111111111110000000000000000
00000000111111111110000000000000000000000011111111111000000000000000000000001111111111100000000000000000000000000011111111111000000000000000000000000000000111111111110000000000
00000000000000001111111111100000000000000000000000000000000001111111111110000000000000000000000000000001111111111110000000000000000000000111111111111000000000000000000000011111
11111110000000000000000000000011111111111100000000000000000000001111111111100000000000000000000000111111111110000000000000000000000001111111111100000000000000000000011111111111
10000000000000000000000011111111111000000000000000000000001111111111110000000000000000000000011111111111000000000000000000000000000000000011111111111000000000000000000000011111
11111110000000000000000000000011111111111100000000000000000000011111111111100000000000000000000000111111111110000000000000000000000000000000000111111111110000000000000000000000
0111111111111000000000000000000000000000000000111111111110000000000000000000000001111111111000000000000000000000011111111
                                                                                                                         1000000000000000000000000000000000000000011111111111100
00000000000000000000000000011111111111100000000000000000000001111111111110000000000000000000000000000000111111111111000000000000000000000001111111111110000000000000000000000111
11111111000000000000000000000000000000000000111111111110000000000000000000000000000000001111111111110000000000000000000000000000000001111111111100000000000000000000001111111111
11000000000000000000000011111111111100000000000000000000000011111111111100000000000000000000000000001111111111100000000000000000000000000011111111111100000000000000000000001111
11111111000000000000000000000000111111111111000000000000000000000000000000001111111111110000000000000000000000000000001111111111100000000000000000000001111111111110000000000000
00000000011111111111100000000000000000000000111111111110000000000000000000000001111111111110000000000000000000000000000000011111111111100000000000000000000001111111111100000000
00000000000000001111111111100000000000000000000000000000000000000000000000111111111111000000000000000000000000000000001111111111110000000000000000000001111111111110000000000000
00000000011111111111100000000000000000000000111111111110000000000000000000000111111111111000000000000000000000001111111111110000000000000000000000000000000011111111111100000000
00000000000000011111111111000000000000000000000000111111111110000000000000000000000111111111110000000000000000000000001111111111100000000000000000000000000000000011111111111000
00000000000000000000011111111111000000000000000000000000111111111110000000000000000000000011111111111100000000000000000000000000000111111111111000000000000000000000000011111111
1111000000000000000000000011111111111100000000000000000000000
                                                             0001111111111100000000000000000000000000000000011111111111000000000000000000000000000000000011111111111000000000000
00000000000011111111111000000000000000000000001111111111110000000000000000000000111111111111000000000000000000000000000000001111111111110000000000000000000000001111111111000000
00000000000000000000000111111111111000000000000000000000000000011111111111100000000000000000000000111111111110000000000000000000000000000000111111111111000000000000000000000001
11111111110000000000000000000000001111111111100000000000000000000000011111111111000000000000000000000000000000001111111111110000000000000000000000111111111110000000000000000000
00001111111111100000000000000000000000111111111110000000000000000000000011111111111000000000000000000000000001111111111100000000000000000000000000000000011111111111000000000000
00000000000000000000011111111111000000000000000000000001111111111110000000000000000000000011111111111000000000000000000000000000000000111111111111000000000000000000000001111111
11100000000000000000000000000000000000000000000000000000000011111111111000000000000000000000000001111111111100000000000000000000000000000000000000000000000000000000000000000111
11111111000000000000000000000001111111111110000000000000000000000001111111111100000000000000000000011111111111100000000000000000000000000000000001111111111100000000000000000000
00111111111111000000000000000000000001111111111100000000000000000000000111111111111000000000000000000000000000000000111111111111000000000000000000000000000000000111111111111000
00000000000000000001111111111100000000000000000000000111111111110000000000000000000000011111111111000000000000000000000011111111111100000000000000000000000111111111111000000000
0
 0000000000001111111111110000000000000000000000011111111111000000000000000000000000111111111111000000000000000000000000000000111111111111000000000000000000000000000111111111111
00000000000000000000000000000000000000000000000000000000000000000000111111111110000000000000000000000000000000011111111111000000000000000000000000000000000011111111111100000000
00000000000000011111111111000000000000000000000000000001111111111100000000000000000000000000000001111111111100000000000000000000000000000000011111111111000000000000000000000000
00000000011111111111100000000000000000000000000000000011111111111000000000000000000000001111111111100000000000000000000000111111111111000000000000000000000011111111111100000000
00000000000000011111111111000000000000000000000000000000000011111111111100000000000000000000000000000111111111111000000000000000000000000000111111111100000000000000000000000000
11111111111000000000000000000000000000000001111111111110000000000000000000000111111111110000000000000000000000001111111111100000000000000000000000001111111111000000000000000000
00000000000000011111111111100000000000000000000001111111111110000000000000000000000111111111110000000000000000000000011111111111100000000000000000000000111111111110000000000000
00000000000000000000011111111111100000000000000000000000111111111100000000000000000000000111111111111000000000000000000000000000000000111111111110000000000000000000000011111111
11100000000000000000000000011111111111100000000000000000000000111111111100000000000000000000000000000000000000000000000000000000000000000000111111111110000000000000000000000011
111111111100000000000000000000001111111111100000000000000000000000111111111110000000000000000000000001111111111100000
                                                                                                                     00000000000000000000000000111111111111000000000000000000000
00000000000001111111111100000000000000000000000111111111110000000000000000000000000000000000111111111110000000000000000000000000011111111110000000000000000000000000000000000111
11111111000000000000000000000000000000000111111111110000000000000000000000001111111111110000000000000000000000000000000001111111111100000000000000000000000111111111110000000000
00000000000001111111111110000000000000000000000111111111111000000000000000000000000011111111111000000000000000000000000000111111111111000000000000000000000000000111111111111000
00000000000000000000001111111111100000000000000000000000000000000000000000000000000000000000000000000000000001111111111110000000000000000000000111111111111000000000000000000000
00001111111111110000000000000000000000000000000111111111110000000000000000000000001111111111110000000000000000000000111111111110000000000000000000000111111111110000000000000000
00000001111111111110000000000000000000000000000000001111111111100000000000000000000000011111111111000000000000000000000001111111111110000000000000000000001111111111100000000000
00000000000001111111111110000000000000000000000011111111111000000000000000000000011111111111100000000000000000000000000000000011111111111100000000000000000000011111111111100000
00000000000000000011111111111100000000000000000000000011111111111000000000000000000000000111111111111000000000000000000000000000000011111111111000000000000000000000001111111111
10000000000000000000000000111111111110000000000000000000000000000000001111111111100000000000000000000000111111111111000000000000000000000001111111111100000000000000000000001111
111111110000000000000000000000011111111111100000000000000
                                                         00000001111111111110000000000000000000000000000000001111111111100000000000000000000000001111111111100000000000000000000
00000000000000011111111111000000000000000000000000000000011111111111000000000000000000000000000000001111111111100000000000000000000001111111111110000000000000000000000001111111
11110000000000000000000000000000000001111111111100000000000000000000000011111111111000000000000000000000001111111111110000000000000000000000111111111110000000000000000000000000
00000000000000011111111111100000000000000000000000000001111111111100000000000000000000001111111111100000000000000000000000011111111110000000000000000000000011111111111100000000
00000000000000011111111111100000000000000000000001111111111110000000000000000000000111111111111000000000000000000000000111111111100000000000000000000000000000000011111111111000
00000000000000000000111111111111000000000000000000000001111111111100000000000000000000000111111111111000000000000000000000000011111111111000000000000000000000000000000011111111
11110000000000000000000000000000000000000000000000000000001111111111110000000000000000000000000000000000001111111111110000000000000000000000000000000001111111111100000000000000
00000000001111111111100000000000000000000000000000000000111111111111000000000000000000000000000000001111111111100000000000000000000001111111111110000000000000000000000000000000
11111111111000000000000000000000000111111111100000000000000000000000011111111111000000000000000000000001111111111110000000000000000000001111111111110000000000000000000000011111
11111100000000000000000000000111111111111000000000000000000000111111111111000000000000000000000001111111111110000000000000000000000111111111110000000000000000000000011111111
                                                                                                                                                                             000
00000000000000000000111111111110000000000000000000000000000000001111111111100000000000000000000000011111111111000000000000000000000001111111111110000000000000000000000011111111
11110000000000000000000001111111111110000000000000000000000111111111111000000000000000000000001111111111100000000000000000000000001111111111110000000000000000000000000000000000
01111111111100000000000000000000000000000000111111111111000000000000000000000000000000011111111111100000000000000000000000111111111111000000000000000000000000000000001111111111
11000000000000000000000001111111111110000000000000000000000111111111111000000000000000000000001111111111110000000000000000000000111111111111000000000000000000000000111111111110
00000000000000000000000000000001111111111100000000000000000000000000000011111111111100000000000000000000000000011111111111000000000000000000000001111111111100000000000000000000
00000001111111111100000000000000000000000000000011111111111100000000000000000000000000011111111111100000000000000000000000000011111111111100000000000000000000000011111111111100
00000000000000000000111111111110000000000000000000000011111111111100000000000000000000001111111111110000000000000000000000111111111111000000000000000000000011111111111000000000
00000000000000111111111110000000000000000000000011111111111000000000000000000000001111111111110000000000000000000001111111111110000000000000000000000000111111111110000000000000
00000000011111111111000000000000000000000000111111111110000000000000000000000000000000001111111111110000000000000000000000111111111110000000000000000000000001111111111100000000
00000000000000011111111111000000000000000000000011111111111100000000000000000000000111111111110000000000000000000
